x <- c(1, 2, 3, 5, 1)

x^2